%YAML:1.0
---
model_type: KANNALA_BRANDT
camera_name: camera_kb
image_width: 640
image_height: 400
projection_parameters:
#  # indemind  kalibr weilins1 cam0
  k2: 0.5795305529331866
  k3: 0.1891353191464227
  k4: -0.5686979747005566
  k5: 0.2401345093319573
#  mu: 247.61423602540393
#  mv: 247.4305508694178
#  u0: 323.88804963045806
#  v0: 204.23067504123182
  mu: 495.22847205080785
  mv: 494.8611017388356
  u0: 647.7760992609161
  v0: 408.46135008246364

