%YAML:1.0
---
model_type: KANNALA_BRANDT
camera_name: camera_kb
image_width: 640
image_height: 400
projection_parameters:
  #  # indemind  kalibr weilins1 cam1
  k2: 0.576351272081435
  k3: 0.2051717438570798
  k4: -0.623745000542823
  k5: 0.2857772196732534
#  mu: 246.79819865108647
#  mv: 246.85741955083822
#  u0: 307.65482240251316
#  v0: 193.07294081044085
  mu: 493.59639730217293
  mv: 493.71483910167643
  u0: 615.3096448050263
  v0: 386.1458816208817

