%YAML:1.0
---
model_type: KANNALA_BRANDT
camera_name: camera_kb
image_width: 640
image_height: 400
projection_parameters:
   #k2: 0.6186216335957576
   #k3: 0.05754470496111453
   #k4: -0.3787032204731984
   #k5: 0.15796376795725803
   #mu: 245.83875733678255
   #mv: 245.70243829406326
   #u0: 325.3073710866556
   #v0: 204.79501656278921
   k2: 5.68306e-01
   k3: 2.27951e-01
   k4: -6.55585e-01
   k5: 3.19588e-01
   mu: 2.458365e+02
   mv: 2.458355e+02
   u0: 3.233855e+02
   v0: 2.05147e+02
   #mu: 4.91673e+02
   #mv: 4.91671e+02
   #u0: 6.46771e+02
   #v0: 4.10294e+02
