%YAML:1.0
---
model_type: KANNALA_BRANDT
camera_name: camera_kb
image_width: 640
image_height: 400
projection_parameters:
   #k2: 0.5889009089582246
   #k3: 0.17445730061198228
   #k4: -0.6027335001636526
   #k5: 0.31409061539314664
   #mu: 244.9981403957155
   #mv: 245.12316761066276
   #u0: 308.37717464286476
   #v0: 193.34085562613095
   k2: 5.61541e-01
   k3: 3.0162e-01
   k4: -9.03211e-01
   k5: 5.66803e-01
   mu: 2.45071e+02
   mv: 2.453095e+02
   u0: 3.08745e+02
   v0: 1.91354e+02
   #mu: 4.90142e+02
   #mv: 4.90619e+02
   #u0: 6.1749e+02
   #v0: 3.82708e+02
