%YAML:1.0
---
model_type: KANNALA_BRANDT
camera_name: camera_kb
image_width: 640
image_height: 400
projection_parameters:
   k2: 5.67812e-01
   k3: 2.15091e-01
   k4: -6.16645e-01
   k5: 2.7752e-01
   mu: 4.87957e+02
   mv: 4.88696e+02
   u0: 6.44164e+02
   v0: 3.93625e+02
